{
 "cells": [
  {
   "cell_type": "code",
   "execution_count": 1,
   "metadata": {
    "collapsed": true
   },
   "outputs": [],
   "source": [
    "import numpy as np\n",
    "import pandas as pd\n",
    "import seaborn as sns\n",
    "import matplotlib.pyplot as plt\n",
    "%matplotlib inline\n",
    "from observation_models import Exp_UniGauss as ExpUniGauss\n",
    "from observation_models import ExpGauss as ExpGauss\n",
    "from observation_models import Gaussian\n",
    "from sklearn.datasets.samples_generator import make_spd_matrix\n",
    "from hmm_utils import normalize\n",
    "from hmm import hmm_calibration"
   ]
  },
  {
   "cell_type": "code",
   "execution_count": 2,
   "metadata": {
    "collapsed": false
   },
   "outputs": [],
   "source": [
    "from UnitTest_GaussianHMM import Gauss_test_func\n",
    "from UnitTest_expUniGauss import expUniGauss_test_func \n",
    "#res = test_func() "
   ]
  },
  {
   "cell_type": "code",
   "execution_count": 3,
   "metadata": {
    "collapsed": false
   },
   "outputs": [],
   "source": [
    "res = expUniGauss_test_func() "
   ]
  },
  {
   "cell_type": "code",
   "execution_count": 4,
   "metadata": {
    "collapsed": false
   },
   "outputs": [
    {
     "data": {
      "text/plain": [
       "[<matplotlib.lines.Line2D at 0x7feaed951a90>]"
      ]
     },
     "execution_count": 4,
     "metadata": {},
     "output_type": "execute_result"
    },
    {
     "data": {
      "image/png": "iVBORw0KGgoAAAANSUhEUgAAAYQAAAEDCAYAAAA1CHOzAAAABHNCSVQICAgIfAhkiAAAAAlwSFlz\nAAALEgAACxIB0t1+/AAAF/BJREFUeJzt3XGQ3OV93/G3wBYO9BDUXpCgcfE4Mx+GjEvGBVoMWCDj\nYGI6DBHCtew4VkVsYzc2o9QhxcwQSgidUEOgcRgP1mARVbZLBrcRtqZKfHVl3NYqnjTAUH0DEwKM\nRcrByPQUd2pjb//4Pcpur+J0u3fmZN37NXOj/T377N2z39Ht557fs/t7lvX7fSRJOmqxByBJOjwY\nCJIkwECQJDUGgiQJMBAkSY2BIEkC4DWjPiDJScAW4BhgObAJeBj42lC3U4B7gS8Aj7X7Aaaq6qok\nK4BtwPHAfmB9Ve0b90lIkuZv5EAA3gdsqaovJnk7cHNVXQJcdKBDkq8CfwC8FthTVRfN+B7XApNV\n9ekkvwJcB/zGWM9AkrQgRg6Eqrpj6PCNwLPD9ye5uOtW30ly2it8mzXAhnZ7O/DgqOOQJC2scWYI\nJFlJ90J+HPCOGXd/HPjE0PHKJPfTnUb6TFVtA1YCU+3+KWDVOOOQJC2cWQMhyUbg6hnNN1bVTuDs\nJJcCnwcuaf1PBY6rqqda3xeAG4CtwAnA7iSTM77fsnk9A0nSgpg1EKpqM7B5uC3J6iQnVtW+qtqR\n5L6hu3+BocXlqtpPtwAN8GKSh4HTgb10s4Jp4NR2PKt+v99ftszskKQRjPSiOc4poyuAnwPuTPIW\n4Jmh+84C/ujAQZILgfdW1YeTHAucCRSwE1gH3AKsBXYc6ocuW7aMqanpMYZ75On1JqxFYy0GrEXH\nOgz0ehMj9R/ncwg3A+9M8nXgHuCaoftWAc8PHX8DWJ7kW8AkcGtVPQfcBZyVZBewGrhtjHFIkhbQ\nsp+gy1/3Tf2OfwENWIsBa9GxDgO93sRIp4z8pLIkCTAQJEmNgSBJAgwESVJjIEiSAANBktQYCJIk\nwECQJDUGgiQJMBAkSY2BIEkCDARJUmMgSJIAA0GS1BgIkiTAQJAkNSNvoZnkJLp9ko8BlgObqmp3\nkrXArwHfB74DfLCqfpDkk8CVQB+4qe3DvALYBhwP7AfWV9W+BXlGkqSxjDNDeB+wparWANfTbakJ\n3baYl1TVhXQv8r+Y5E3Ae4DzgMuA25McBVwLTFbVBcADwHXzehaSpHkbeYZQVXcMHb4ReLbdfgE4\nEZgGTgCmgAuBr1bVy8ALSZ4GzgDWABva47YDD44zeEnSwhk5EACSrKR7IT8OeEdr/lXgT5N8F9hd\nVZNJ/jldUBzwPLAKWEkXGLR/V40zDknSwpk1EJJsBK6e0XxjVe0Ezk5yKfD5JO8Cfg84q6qeSvKl\nJO8+yLc82IbPc94EutebmGvXI561GLAWA9aiYx3GM2sgVNVmYPNwW5LVSU6sqn1tgfg+oNf6P9W6\nfQ04B/gLIEMPPxXY275W0Z1eOtB2SFNT03PpdsTr9SasRWMtBqxFxzoMjBqM4ywqXwF8ACDJW4Bn\naOsHSd7Q+pwDPAFMAu9O8tokp9C9+D8O7ATWtb5rgR1jjEOStIDGCYSbgXcm+TpwD3BNVf0I+Biw\nvbUfBXyhqp5tfXYBfwh8pKr6dO9IOivJLmA1cNt8n4gkaX6W9fv9xR7DXPWdBnacEg9YiwFr0bEO\nA73exJzXaMFPKkuSGgNBkgQYCJKkxkCQJAEGgiSpMRAkSYCBIElqDARJEmAgSJIaA0GSBBgIkqTG\nQJAkAQaCJKkxECRJgIEgSWoMBEkScIg9lQ8myUnAFuAYYDmwqap2J1kL/BrwfeA7wAfptsx8FHi4\nPXyqqq5KsgLYBhwP7AfWV9W+eT4XSdI8jDNDeB+wparWANfTbakJ3baYl1TVhXQv8r8I9IE9VXVR\n+7qq9b0WmKyqC4AHgOvm8RwkSQtg5BlCVd0xdPhG4Nl2+wXgRGAaOAGYAl5p+7Y1wIZ2ezvw4Kjj\nkCQtrJEDASDJSroX8uOAd7TmXwX+NMl3gf9WVZNJTgNWJrkfOAX4TFVtA1bSBQbt31XjPwVJ0kJY\n1u/3X/HOJBuBq2c031hVO9v9l9Kd/nkX8GfA5VX1VJIvAfcB/wlYC2ylmzXsBs5r7WdV1XSS1wBP\nV9WphxjrKw9UknQwr3SW5qBmnSFU1WZg83BbktVJTqyqfVW1I8l9QK/1f6p1+xpwTlV9hW4BGuDF\nJA8DpwN76WYF03QLz3vnMtipqem5PasjXK83YS0aazFgLTrWYaDXmxip/ziLylcAHwBI8hbgGdr6\nQZI3tD7nAE8kuTDJZ1vfY4EzgQJ2Auta37XAjjHGIUlaQOMEws3AO5N8HbgHuKaqfgR8DNje2o8C\nvgB8A1ie5FvAJHBrVT1H946ks5LsAlYDt833iUiS5mfWNYTDTN9pYMcp8YC1GLAWHesw0OtNjLSG\n4CeVJUmAgSBJagwESRJgIEiSGgNBkgQYCJKkxkCQJAEGgiSpMRAkSYCBIElqDARJEmAgSJIaA0GS\nBBgIkqTGQJAkAQaCJKmZdU/lg0lyEt0+yccAy4FNVbU7yduATwPfBx6qqk+1/p8ErgT6wE1tH+YV\nwDbgeGA/sL6q9i3EE5IkjWecGcL7gC1VtQa4nm5LTYC7gQ1VtRpYleTcJG8C3gOcB1wG3J7kKOBa\nYLKqLgAeAK6b5/OQJM3TyDOEqrpj6PCNwLPt9sqq2tNu/zHw88AzwI6qehl4IcnTwBnAGmBD67sd\neHCMsUuSFtDIgQCQZCXdC/lxdC/uAE8luQB4qLX9gO700dTQQ58HVgErh9qnWpskaRHNGghJNgJX\nz2i+sap2AmcnuZRuPeES4EPAncD3gCfo1hhmOtiGz3PeBLrXm5hr1yOetRiwFgPWomMdxjNrIFTV\nZmDzcFuS1UlOrKp9bYH4vtb3EeCi1udTwMvAXwEZevipwN72tQqYHmo7pKmp6bl0O+L1ehPWorEW\nA9aiYx0GRg3GcRaVrwA+AJDkLXTrBCTZnORnkywH1tGdUpoE3p3ktUlOoXvxfxzY2foArAV2jDEO\nSdICGmcN4WZgS5IrgNcB17T2zXSnj14D3FdVjwMkuQfYRfe2049UVT/JXcDWJLuAfcD75/c0JEnz\ntazf7y/2GOaq7zSw45R4wFoMWIuOdRjo9SbmvEYLflJZktQYCJIkwECQJDUGgiQJMBAkSY2BIEkC\nDARJUmMgSJIAA0GS1BgIkiTAQJAkNQaCJAkwECRJjYEgSQIMBElSM/IGOUlOotsI5xhgObCpqnYn\neRvwaeD7wENV9akkpwGPAg+3h09V1VVJVgDbgOOB/cD6qto372cjSRrbODOE9wFbqmoNcD3dDmoA\ndwMbqmo1sCrJua19T1Vd1L6uam3XApNVdQHwAHDd+E9BkrQQRp4hVNUdQ4dvBJ5tt1dW1Z52+4+B\nnwc+/wrfZg2wod3eDjw46jgkSQtrnD2VSbKS7oX8OLoXd4CnklwAPNTaftDaVya5HzgF+ExVbQNW\nAlPt/ilg1XjDlyQtlFkDIclG4OoZzTdW1U7g7CSX0q0nXAJ8CLgT+B7wBN0aw4vADcBW4ARgd5LJ\nGd9vpD0/JUk/Hsv6/f5ID0iyGnjkwCJwkqmq6s3o8yngB1X1OzPav0S31nAj8OGq+vMkfxf4w6o6\n+xA/erSBSpJG+oN7nFNGVwA/B9yZ5C3AMwBJNgO3080O1gHrk1wIvLeqPpzkWOBMoICdrc8twFpg\nx1x+8NTU9BjDPfL0ehPWorEWA9aiYx0Ger2JkfqP8y6jm4F3Jvk6cA9wTWvfTHf6aDdwX1U9DnwD\nWJ7kW8AkcGtVPQfcBZyVZBewGrhtjHFIkhbQyKeMFlHf1O/4F9CAtRiwFh3rMNDrTYx0yshPKkuS\nAANBktQYCJIkwECQJDUGgiQJMBAkSY2BIEkCDARJUmMgSJIAA0GS1BgIkiRgzA1yFsPG39rJD3/4\nE3PdpR+ro49eZi0aazFgLTpLsQ5nn34SV635mXl/H2cIkiTAq53+RPJqjgPWYsBadKzDgFc7lSSN\nxUCQJAHzWFROcjKwB7i8qnYlORP4fbq9jx+pqo+2fp8ErmztN1XVjiQrgG3A8cB+YP2BPZolSYtj\nPjOE24Anh45/F/h4VZ0PrEjyriRvAt4DnAdcBtye5CjgWmCyqi4AHgCum8c4JEkLYKwZQpI1wEvA\nY+14OXBaVX27ddkOXAysAnZU1cvAC0meBs4A1gAbhvo+OPYzkCQtiJFnCO3F/wbg+qHmNwDDp3ye\npwuDlcDUIdqnWpskaRHNOkNIshG4ekbzDuDuqppOAnCwtzW90ludRukrSXoVzRoIVbUZ2DzcluQh\n4NIkm4A3A2cD64HXD3X7O8De9pWh9lOH2lcB00Nth9TrTcyl25JgLQasxYC16FiH8Yy8htAWjQFI\nci9wb1U9kmRPkvOq6pvAFcBdwBPApiQ3Aj26F//HgZ3AOuAWYC3drOOQ/LBJxw/eDFiLAWvRsQ4D\nowbjQl7L6Frgs+1dRP+1qiYBktwD7KJ72+lHqqqf5C5ga5JddGsP71/AcUiSxuClK34C+RfQgLUY\nsBYd6zDgpSskSWMxECRJgIEgSWoMBEkSYCBIkhoDQZIEGAiSpMZAkCQBBoIkqTEQJEmAgSBJagwE\nSRJgIEiSGgNBkgQYCJKkxkCQJAHz2DEtycnAHuDyqtqV5Ezg9+l2Rnukqj6a5DTgUeDh9rCpqroq\nyQpgG3A8sB9YX1X75vE8JEnzNJ8Zwm3Ak0PHvwt8vO25vCLJu+jCYU9VXdS+rmp9rwUmq+oC4AHg\nunmMQ5K0AMYKhCRrgJeAx9rxcuC0qvp267IduHiWb7EG+PIc+0qSXgUjB0J78b8BuH6o+Q3A8Cmf\nKWBVu70yyf1Jvplk/YG21mdmX0nSIpl1DSHJRuDqGc07gLurajoJwME2cT7Q9iJdeGwFTgB2J5l8\nhb6H1OtNzLXrEc9aDFiLAWvRsQ7jmTUQqmozsHm4LclDwKVJNgFvBs4G1gOvH+p2KrC3qvYDW1rb\ni0keBk4H9tLNCqYP9J3LYKempufS7YjX601Yi8ZaDFiLjnUYGDUYRz5lVFXnV9W5VXUu8BXgo1X1\nCLAnyXmt2xXAjiQXJvksQJJjgTOBAnYC61rftXSzDknSIlrIzyFcC9zaZhBPVtUk8A1geZJvAZPA\nrVX1HHAXcFaSXcBquncsSZIW0bJ+v7/YY5irvtPAjlPiAWsxYC061mGg15uY8xot+EllSVJjIEiS\nAANBktQYCJIkwECQJDUGgiQJMBAkSY2BIEkCDARJUmMgSJIAA0GS1BgIkiTAQJAkNQaCJAkwECRJ\njYEgSQIOsafybJKcDOwBLq+qXUmOBn4b2FBVJw31+yRwJdAHbqqqHUlWANuA44H9wPqq2jeP5yFJ\nmqf5zBBuA54cOv514Angb3boSfIm4D3AecBlwO1JjqLbbnOyqi4AHgCum8c4JEkLYKxASLIGeAl4\njEEA3FlVn5vR9SLgq1X1clW9ADwNnAGsAb7c+mwHLh5nHJKkhTNyICRZDtwAXN+a+gBV9b2DdD8Z\neGHo+HlgFbASmGptU61NkrSIZl1DSLIRuHpG8w7g7qqaTgJDp4jm4GB95/z4Xm9ihB91ZLMWA9Zi\nwFp0rMN4Zg2EqtoMbB5uS/IQcGmSTcCbgXOSrKuqxw/yLfYCGTo+tbXtpZsVTA+1HdLU1PRcuh3x\ner0Ja9FYiwFr0bEOA6MG48jvMqqq8w/cTnIvcO8rhAHAJLApyY1Aj+7F/3FgJ7AOuAVYSzfrkCQt\norHfdjpTki3AW4EVSR4FvlhVtyS5B9hFt9bwkarqJ7kL2JpkF7APeP9CjUOSNJ5l/X5/sccwV32n\ngR2nxAPWYsBadKzDQK83Mcoar59UliR1DARJEmAgSJIaA0GSBBgIkqTGQJAkAQaCJKkxECRJgIEg\nSWoMBEkSYCBIkhoDQZIEGAiSpMZAkCQBBoIkqTEQJEnAPHZMS3IysAe4vKp2JTka+G1gQ1Wd1Pqc\nBjwKPNweNlVVVyVZAWwDjgf2A+urat/4T0OSNF/z2ULzNuDJoeNfB54AZu7Qs6eqLprRdi0wWVWf\nTvIrwHXAb8xjLJKkeRrrlFGSNcBLwGMMAuDOqvrcHL/FGuDL7fZ24OJxxiFJWjgjB0KS5cANwPWt\nqQ9QVd97hYesTHJ/km8mWX+gDZhqt6eAVaOOQ5K0sGY9ZZRkI3D1jOYdwN1VNZ0E/v9TRMNeoAuP\nrcAJwO4kkzP6zHkT6F5vYq5dj3jWYsBaDFiLjnUYz6yBUFWbgc3DbUkeAi5Nsgl4M3BOknVV9fhB\nHr8f2NIOX0zyMHA6sJduVjANnNqOD2lqanou3Y54vd6EtWisxYC16FiHgVGDceRF5ao6/8DtJPcC\n9x4sDNr9FwLvraoPJzkWOBMoYCewDrgFWEs365AkLaL5vMvo/5FkC/BWYEWSR4EvAv8S+OUk36Jb\na7i1qp5LchewNckuYB/w/oUahyRpPMv6/f5ij2Gu+k4DO06JB6zFgLXoWIeBXm9izmu04CeVJUmN\ngSBJAgwESVJjIEiSAANBktQYCJIkwECQJDUGgiQJMBAkSY2BIEkCDARJUmMgSJIAA0GS1BgIkiTA\nQJAkNWNvkJPkZGAPcHlV7Ury94DfA35Et+nN+qr630k+CVxJt0HOTVW1I8kKYBtwPLC/9d03z+ci\nSZqH+cwQbgOeHDq+C/hnVXUh8ATwwSRvAt4DnAdcBtye5CjgWmCyqi4AHgCum8c4JEkLYKwZQpI1\nwEvAY8CBHXkur6qX2u0XgNcDFwI7qupl4IUkTwNnAGuADa3vduDBsUYvSVowI88QkiwHbgCub019\ngANhkOQ44JeA+4GVwNTQw58HVs1on2ptkqRFNOsMIclG4OoZzTuAu6tqOgkMZggHwuCPgNuqqtr9\nww62v+dIe35Kkn48Zg2EqtoMbB5uS/IQcGmSTcCbgXOSXEm3bvDvgK1VdV/rvhcYToVTW9teulnB\n9FDboSzr9Sbm0G1psBYD1mLAWnSsw3hGPmVUVedX1blVdS7wFeCaqvofdAvDX6+qe4e6TwLvTvLa\nJKfQvfg/DuwE1rU+a+lmHZKkRTT2204P4qPAXya5uB1/rap+K8k9wC66tYaPVFU/yV3A1iS76N6i\n+v4FHIckaQzL+v3+Yo9BknQY8JPKkiTAQJAkNQaCJAlY2EXlH4skdwD/gG5R+hNV9fAiD+lV164T\n9WXg9qr6TJKfBv6ALtCfA36pqr6/mGN8NST5HeB8uv+3twIPszTrcCzweeAk4HXAzcAjLMFaHJDk\np+iunPAv6N7duORqkeRCug8EP9aaHqG7xNBW5liLw3qGkGQ18DNV9TZgI931kpaU9sv/aeA/0D4V\nTvef/l9X1dvprif1TxZpeK+aJBcBP9v+L7wLuBO4iSVWh+YyYHe7bthVwB0s3VoccAPdJXNgCf5+\nDPmPVXVR+/oE3R8Lc67FYR0IdNc8+jJAVe0BTkzytxZ3SK+6/0P3AvA/h9pW030iHLprQV0880FH\noF10L37QXUfrOJZmHaiqf1tV/6odvhF4lu66YUuuFgBJTgdOp/tcFCzR/xfNzCs/jFSLw/2U0Urg\n20PHB6579MTiDOfVV1U/BH444zIgx1XVD9rtJXEtqFaHv26HG+l++S9ZanUYluQ/A6cA/wj4kyVc\ni9uAjzG4YOaS+/1o+sAZSf498LfpZkoj1eJwnyHMtIzBaRN1ltS1oJJcTveL/09n3LWk6gDQTp9d\nDvybGXctmVok+QCwq6qeaU0zn/uSqQXdH8q/WVWXA79Md9mho4fuP2QtDvdA2Es3SzjgFLqFkaVu\nf5Jj2u25XgvqJ16SS+iusntpVf0vlm4d/n57YwFV9Wd0M/3pJK9rXZZMLYBfANYl+S90F+K8gSVa\ni6raW1X3t9t/AfwV3Wn2Of+OHO6BsJNutzWSvBX4TlX99ewPOWItY5Dwf0KrC0vkWlBtl73bgHdX\n1Xdb85KrQ3MBsAn+ZufC4+hqsbbdv2RqUVX/uKrOaddW+xzdIurXWIK1SLI+yY3t9klAD7iXEX5H\nDvtLVyS5FXg78EPgY1X16CIP6VWV5B8C99C9xfBl4EW6d9l8nu4th38JbGjn2I9YST4E3Aj8eWvq\nAx+kexFYMnUAaH/9bgZ+Gvgp4Dfp1truY4nVYlh7MXyK7g/JJVeL9oabbXTrB0fTvfPsvzNCLQ77\nQJAkvToO91NGkqRXiYEgSQIMBElSYyBIkgADQZLUGAiSJMBAkCQ1BoIkCYD/C7whr/dRC+ejAAAA\nAElFTkSuQmCC\n",
      "text/plain": [
       "<matplotlib.figure.Figure at 0x7feaeda16410>"
      ]
     },
     "metadata": {},
     "output_type": "display_data"
    }
   ],
   "source": [
    "plt.plot(res['log_likelihoods']['obs_ll_algo']) "
   ]
  },
  {
   "cell_type": "code",
   "execution_count": 5,
   "metadata": {
    "collapsed": false
   },
   "outputs": [
    {
     "data": {
      "text/plain": [
       "[-3982.2288665200599,\n",
       " -3982.2288665200599,\n",
       " -3982.2288665200599,\n",
       " -3982.2288665200599,\n",
       " -3982.2288665200599,\n",
       " -3982.2288665200599,\n",
       " -3982.2288665200599,\n",
       " -3982.2288665200599,\n",
       " -3982.2288665200599,\n",
       " -3982.2288665200599,\n",
       " -3982.2288665200599,\n",
       " -3982.2288665200599,\n",
       " -3982.2288665200599,\n",
       " -3982.2288665200599,\n",
       " -3982.2288665200599,\n",
       " -3982.2288665200599,\n",
       " -3982.2288665200599,\n",
       " -3982.2288665200599,\n",
       " -3982.2288665200599,\n",
       " -3982.2288665200599,\n",
       " -3982.2288665200599,\n",
       " -3982.2288665200599,\n",
       " -3982.2288665200599,\n",
       " -3982.2288665200599,\n",
       " -3982.2288665200599,\n",
       " -3982.2288665200599,\n",
       " -3982.2288665200599,\n",
       " -3982.2288665200599,\n",
       " -3982.2288665200599,\n",
       " -3982.2288665200599,\n",
       " -3982.2288665200599,\n",
       " -3982.2288665200599,\n",
       " -3982.2288665200599,\n",
       " -3982.2288665200599,\n",
       " -3982.2288665200599,\n",
       " -3982.2288665200599,\n",
       " -3982.2288665200599,\n",
       " -3982.2288665200599,\n",
       " -3982.2288665200599,\n",
       " -3982.2288665200599,\n",
       " -3982.2288665200599,\n",
       " -3982.2288665200599,\n",
       " -3982.2288665200599,\n",
       " -3982.2288665200599,\n",
       " -3982.2288665200599,\n",
       " -3982.2288665200599,\n",
       " -3982.2288665200599,\n",
       " -3982.2288665200599,\n",
       " -3982.2288665200599,\n",
       " -3982.2288665200599]"
      ]
     },
     "execution_count": 5,
     "metadata": {},
     "output_type": "execute_result"
    }
   ],
   "source": [
    "res['log_likelihoods']['obs_ll_algo']"
   ]
  },
  {
   "cell_type": "code",
   "execution_count": 6,
   "metadata": {
    "collapsed": false
   },
   "outputs": [
    {
     "data": {
      "text/plain": [
       "[array([[ 0.32598002,  0.33044555,  0.34357443],\n",
       "        [ 0.17177512,  0.19135238,  0.6368725 ],\n",
       "        [ 0.09285244,  0.358316  ,  0.54883156]]),\n",
       " array([[ 0.32598002,  0.33044555,  0.34357443],\n",
       "        [ 0.17177512,  0.19135238,  0.6368725 ],\n",
       "        [ 0.09285244,  0.358316  ,  0.54883156]]),\n",
       " array([[ 0.32598002,  0.33044555,  0.34357443],\n",
       "        [ 0.17177512,  0.19135238,  0.6368725 ],\n",
       "        [ 0.09285244,  0.358316  ,  0.54883156]]),\n",
       " array([[ 0.32598002,  0.33044555,  0.34357443],\n",
       "        [ 0.17177512,  0.19135238,  0.6368725 ],\n",
       "        [ 0.09285244,  0.358316  ,  0.54883156]]),\n",
       " array([[ 0.32598002,  0.33044555,  0.34357443],\n",
       "        [ 0.17177512,  0.19135238,  0.6368725 ],\n",
       "        [ 0.09285244,  0.358316  ,  0.54883156]]),\n",
       " array([[ 0.32598002,  0.33044555,  0.34357443],\n",
       "        [ 0.17177512,  0.19135238,  0.6368725 ],\n",
       "        [ 0.09285244,  0.358316  ,  0.54883156]]),\n",
       " array([[ 0.32598002,  0.33044555,  0.34357443],\n",
       "        [ 0.17177512,  0.19135238,  0.6368725 ],\n",
       "        [ 0.09285244,  0.358316  ,  0.54883156]]),\n",
       " array([[ 0.32598002,  0.33044555,  0.34357443],\n",
       "        [ 0.17177512,  0.19135238,  0.6368725 ],\n",
       "        [ 0.09285244,  0.358316  ,  0.54883156]]),\n",
       " array([[ 0.32598002,  0.33044555,  0.34357443],\n",
       "        [ 0.17177512,  0.19135238,  0.6368725 ],\n",
       "        [ 0.09285244,  0.358316  ,  0.54883156]]),\n",
       " array([[ 0.32598002,  0.33044555,  0.34357443],\n",
       "        [ 0.17177512,  0.19135238,  0.6368725 ],\n",
       "        [ 0.09285244,  0.358316  ,  0.54883156]]),\n",
       " array([[ 0.32598002,  0.33044555,  0.34357443],\n",
       "        [ 0.17177512,  0.19135238,  0.6368725 ],\n",
       "        [ 0.09285244,  0.358316  ,  0.54883156]]),\n",
       " array([[ 0.32598002,  0.33044555,  0.34357443],\n",
       "        [ 0.17177512,  0.19135238,  0.6368725 ],\n",
       "        [ 0.09285244,  0.358316  ,  0.54883156]]),\n",
       " array([[ 0.32598002,  0.33044555,  0.34357443],\n",
       "        [ 0.17177512,  0.19135238,  0.6368725 ],\n",
       "        [ 0.09285244,  0.358316  ,  0.54883156]]),\n",
       " array([[ 0.32598002,  0.33044555,  0.34357443],\n",
       "        [ 0.17177512,  0.19135238,  0.6368725 ],\n",
       "        [ 0.09285244,  0.358316  ,  0.54883156]]),\n",
       " array([[ 0.32598002,  0.33044555,  0.34357443],\n",
       "        [ 0.17177512,  0.19135238,  0.6368725 ],\n",
       "        [ 0.09285244,  0.358316  ,  0.54883156]]),\n",
       " array([[ 0.32598002,  0.33044555,  0.34357443],\n",
       "        [ 0.17177512,  0.19135238,  0.6368725 ],\n",
       "        [ 0.09285244,  0.358316  ,  0.54883156]]),\n",
       " array([[ 0.32598002,  0.33044555,  0.34357443],\n",
       "        [ 0.17177512,  0.19135238,  0.6368725 ],\n",
       "        [ 0.09285244,  0.358316  ,  0.54883156]]),\n",
       " array([[ 0.32598002,  0.33044555,  0.34357443],\n",
       "        [ 0.17177512,  0.19135238,  0.6368725 ],\n",
       "        [ 0.09285244,  0.358316  ,  0.54883156]]),\n",
       " array([[ 0.32598002,  0.33044555,  0.34357443],\n",
       "        [ 0.17177512,  0.19135238,  0.6368725 ],\n",
       "        [ 0.09285244,  0.358316  ,  0.54883156]]),\n",
       " array([[ 0.32598002,  0.33044555,  0.34357443],\n",
       "        [ 0.17177512,  0.19135238,  0.6368725 ],\n",
       "        [ 0.09285244,  0.358316  ,  0.54883156]]),\n",
       " array([[ 0.32598002,  0.33044555,  0.34357443],\n",
       "        [ 0.17177512,  0.19135238,  0.6368725 ],\n",
       "        [ 0.09285244,  0.358316  ,  0.54883156]]),\n",
       " array([[ 0.32598002,  0.33044555,  0.34357443],\n",
       "        [ 0.17177512,  0.19135238,  0.6368725 ],\n",
       "        [ 0.09285244,  0.358316  ,  0.54883156]]),\n",
       " array([[ 0.32598002,  0.33044555,  0.34357443],\n",
       "        [ 0.17177512,  0.19135238,  0.6368725 ],\n",
       "        [ 0.09285244,  0.358316  ,  0.54883156]]),\n",
       " array([[ 0.32598002,  0.33044555,  0.34357443],\n",
       "        [ 0.17177512,  0.19135238,  0.6368725 ],\n",
       "        [ 0.09285244,  0.358316  ,  0.54883156]]),\n",
       " array([[ 0.32598002,  0.33044555,  0.34357443],\n",
       "        [ 0.17177512,  0.19135238,  0.6368725 ],\n",
       "        [ 0.09285244,  0.358316  ,  0.54883156]]),\n",
       " array([[ 0.32598002,  0.33044555,  0.34357443],\n",
       "        [ 0.17177512,  0.19135238,  0.6368725 ],\n",
       "        [ 0.09285244,  0.358316  ,  0.54883156]]),\n",
       " array([[ 0.32598002,  0.33044555,  0.34357443],\n",
       "        [ 0.17177512,  0.19135238,  0.6368725 ],\n",
       "        [ 0.09285244,  0.358316  ,  0.54883156]]),\n",
       " array([[ 0.32598002,  0.33044555,  0.34357443],\n",
       "        [ 0.17177512,  0.19135238,  0.6368725 ],\n",
       "        [ 0.09285244,  0.358316  ,  0.54883156]]),\n",
       " array([[ 0.32598002,  0.33044555,  0.34357443],\n",
       "        [ 0.17177512,  0.19135238,  0.6368725 ],\n",
       "        [ 0.09285244,  0.358316  ,  0.54883156]]),\n",
       " array([[ 0.32598002,  0.33044555,  0.34357443],\n",
       "        [ 0.17177512,  0.19135238,  0.6368725 ],\n",
       "        [ 0.09285244,  0.358316  ,  0.54883156]]),\n",
       " array([[ 0.32598002,  0.33044555,  0.34357443],\n",
       "        [ 0.17177512,  0.19135238,  0.6368725 ],\n",
       "        [ 0.09285244,  0.358316  ,  0.54883156]]),\n",
       " array([[ 0.32598002,  0.33044555,  0.34357443],\n",
       "        [ 0.17177512,  0.19135238,  0.6368725 ],\n",
       "        [ 0.09285244,  0.358316  ,  0.54883156]]),\n",
       " array([[ 0.32598002,  0.33044555,  0.34357443],\n",
       "        [ 0.17177512,  0.19135238,  0.6368725 ],\n",
       "        [ 0.09285244,  0.358316  ,  0.54883156]]),\n",
       " array([[ 0.32598002,  0.33044555,  0.34357443],\n",
       "        [ 0.17177512,  0.19135238,  0.6368725 ],\n",
       "        [ 0.09285244,  0.358316  ,  0.54883156]]),\n",
       " array([[ 0.32598002,  0.33044555,  0.34357443],\n",
       "        [ 0.17177512,  0.19135238,  0.6368725 ],\n",
       "        [ 0.09285244,  0.358316  ,  0.54883156]]),\n",
       " array([[ 0.32598002,  0.33044555,  0.34357443],\n",
       "        [ 0.17177512,  0.19135238,  0.6368725 ],\n",
       "        [ 0.09285244,  0.358316  ,  0.54883156]]),\n",
       " array([[ 0.32598002,  0.33044555,  0.34357443],\n",
       "        [ 0.17177512,  0.19135238,  0.6368725 ],\n",
       "        [ 0.09285244,  0.358316  ,  0.54883156]]),\n",
       " array([[ 0.32598002,  0.33044555,  0.34357443],\n",
       "        [ 0.17177512,  0.19135238,  0.6368725 ],\n",
       "        [ 0.09285244,  0.358316  ,  0.54883156]]),\n",
       " array([[ 0.32598002,  0.33044555,  0.34357443],\n",
       "        [ 0.17177512,  0.19135238,  0.6368725 ],\n",
       "        [ 0.09285244,  0.358316  ,  0.54883156]]),\n",
       " array([[ 0.32598002,  0.33044555,  0.34357443],\n",
       "        [ 0.17177512,  0.19135238,  0.6368725 ],\n",
       "        [ 0.09285244,  0.358316  ,  0.54883156]]),\n",
       " array([[ 0.32598002,  0.33044555,  0.34357443],\n",
       "        [ 0.17177512,  0.19135238,  0.6368725 ],\n",
       "        [ 0.09285244,  0.358316  ,  0.54883156]]),\n",
       " array([[ 0.32598002,  0.33044555,  0.34357443],\n",
       "        [ 0.17177512,  0.19135238,  0.6368725 ],\n",
       "        [ 0.09285244,  0.358316  ,  0.54883156]]),\n",
       " array([[ 0.32598002,  0.33044555,  0.34357443],\n",
       "        [ 0.17177512,  0.19135238,  0.6368725 ],\n",
       "        [ 0.09285244,  0.358316  ,  0.54883156]]),\n",
       " array([[ 0.32598002,  0.33044555,  0.34357443],\n",
       "        [ 0.17177512,  0.19135238,  0.6368725 ],\n",
       "        [ 0.09285244,  0.358316  ,  0.54883156]]),\n",
       " array([[ 0.32598002,  0.33044555,  0.34357443],\n",
       "        [ 0.17177512,  0.19135238,  0.6368725 ],\n",
       "        [ 0.09285244,  0.358316  ,  0.54883156]]),\n",
       " array([[ 0.32598002,  0.33044555,  0.34357443],\n",
       "        [ 0.17177512,  0.19135238,  0.6368725 ],\n",
       "        [ 0.09285244,  0.358316  ,  0.54883156]]),\n",
       " array([[ 0.32598002,  0.33044555,  0.34357443],\n",
       "        [ 0.17177512,  0.19135238,  0.6368725 ],\n",
       "        [ 0.09285244,  0.358316  ,  0.54883156]]),\n",
       " array([[ 0.32598002,  0.33044555,  0.34357443],\n",
       "        [ 0.17177512,  0.19135238,  0.6368725 ],\n",
       "        [ 0.09285244,  0.358316  ,  0.54883156]]),\n",
       " array([[ 0.32598002,  0.33044555,  0.34357443],\n",
       "        [ 0.17177512,  0.19135238,  0.6368725 ],\n",
       "        [ 0.09285244,  0.358316  ,  0.54883156]]),\n",
       " array([[ 0.32598002,  0.33044555,  0.34357443],\n",
       "        [ 0.17177512,  0.19135238,  0.6368725 ],\n",
       "        [ 0.09285244,  0.358316  ,  0.54883156]])]"
      ]
     },
     "execution_count": 6,
     "metadata": {},
     "output_type": "execute_result"
    }
   ],
   "source": [
    "res['tpm']"
   ]
  },
  {
   "cell_type": "code",
   "execution_count": null,
   "metadata": {
    "collapsed": true
   },
   "outputs": [],
   "source": []
  }
 ],
 "metadata": {
  "kernelspec": {
   "display_name": "Python 2",
   "language": "python",
   "name": "python2"
  },
  "language_info": {
   "codemirror_mode": {
    "name": "ipython",
    "version": 2
   },
   "file_extension": ".py",
   "mimetype": "text/x-python",
   "name": "python",
   "nbconvert_exporter": "python",
   "pygments_lexer": "ipython2",
   "version": "2.7.6"
  }
 },
 "nbformat": 4,
 "nbformat_minor": 0
}
